999999151010104      00035192827004   2270004         00000043273 A00000000000
999999152010104      00035202270004   2827004         00000023273 A00000000000
999999152010104      00035207710001                   00000020000 A00000000000
999999151010104      00036194300001                   00000023200 A00000000000
999999152010104116   00002204770001   4300001         00000003200 A00000020000
999999152010104      00036202270004   4300001         00000020000 A00000000000
999999151130104      00002196400003                   00000073099 A00000000000
999999152130104      00002204751001                   00000009503 A00000000000
999999152130104      00002204760001                   00000004642 A00000000000
999999152130104      00002204650003                   00000058954 A00000000000
999999151130104      00002196400004                   00000173107 A00000000000
999999152130104      00002204751001                   00000022504 A00000000000
999999152130104      00002204760001                   00000010992 A00000000000
999999152130104      00002204650004                   00000139611 A00000000000
999999151130104      00002196400005                   00000109621 A00000000000
999999152130104      00002204760001                   00000006961 A00000000000
999999152130104      00002204650005                   00000082928 A00000000000
999999152130104      00002204751001                   00000019732 A00000000000
999999152250204      00005204000012                   00000011600 A00000000000
999999151250204      00001194720001   4000012         00000001600 A00000010000
999999151250204      00005196000001   4000012         00000010000 A00000000000
999999152260204      00006204000001                   00000030064 A00000000000
999999151260204      00002194720001   4000001         00000003785 A00000023658
999999151260204      00002194720002   4000001         00000000101 A00000002520
999999151260204      00006196000002   4000001         00000026178 A00000000000
999999151260204      00008194300001                   00000232000 A00000000000
999999152260204116   00001204770001   4300001         00000032000 A00000200000
999999152260204      00008204300001   4300001         00000200000 A00000000000
999999151260204      00009194300006                   00000023200 A00000000000
999999152260204116   00002204770001   4300006         00000003200 A00000020000
999999152260204      00009206000002   4300006         00000020000 A00000000000
999999151260204      00010194300003                   00000065335 A00000000000
999999152260204116   00003204770001   4300003         00000009012 A00000056323
999999152260204      00010206000003   4300003         00000056323 A00000000000
999999151260204      00011194300002                   00000017632 A00000000000
999999152260204116   00004204770001   4300002         00000002432 A00000015200
999999152260204      00011206000003   4300002         00000015200 A00000000000
999999151260204      00012194300008                   00000050154 A00000000000
999999152260204116   00005204770001   4300008         00000006918 A00000043236
999999152260204      00012206000002   4300008         00000043236 A00000000000
999999151260204      00013194300005                   00000017659 A00000000000
999999152260204116   00006204770001   4300005         00000002436 A00000015223
999999152260204      00013206000002   4300005         00000015223 A00000000000
999999151260204      00014194300001                   00000121659 A00000000000
999999152260204116   00007204770001   4300001         00000002436 A00000015223
999999152260204104   00007204770001   4300001         00000004000 A00000100000
999999152260204      00014206000003   4300001         00000115223 A00000000000
999999151260204      00015194300008                   00000029418 A00000000000
999999152260204116   00015204770001   4300008         00000004058 A00000025360
999999152260204      00015206000001   4300008         00000025360 A00000000000
999999152260204      00017204000003                   00000017674 A00000000000
999999151260204      00003194720001   4000003         00000002438 A00000015236
999999151260204      00017196000002   4000003         00000015236 A00000000000
999999151260204      00018194300001   5720001         00000152323 A00000000000
999999152260204      00018205720001   4300001         00000152323 A00000000000
999999151260204      00019194300001   5720001         00000012365 A00000000000
999999152260204      00019205720001   4300001         00000012365 A00000000000
999999151260204      00020194300001                   00000001200 A00000000000
999999152260204      00020205720001                   00000001200 A00000000000
999999151260204      00021194300001                   00000152330 A00000000000
999999152260204      00021205720002                   00000010000 A00000000000
999999152260204      00021205720001                   00000142330 A00000000000
999999151260204      00027194300012                   00000065335 A00000000000
999999152260204116   00011204770001   4300012         00000009012 A00000056323
999999152260204      00027206000006   4300012         00000020000 A00000000000
999999152260204      00027206000001   4300012         00000036323 A00000000000
999999151260204      00028194300018                   00000015879 A00000000000
999999152260204116   00012204770001   4300018         00000002190 A00000013689
999999152260204      00028206000006   4300018         00000013689 A00000000000
999999151260204      00029194300006                   00000095596 A00000000000
999999152260204116   00013204770001   4300006         00000013186 A00000082410
999999152260204      00029206000006   4300006         00000082410 A00000000000
999999151260204      00031194300002                   00000139200 A00000000000
999999152260204116   00009204770001   4300002         00000019200 A00000120000
999999152260204      00031206000006   4300002         00000120000 A00000000000
999999151260204      00032194300006                   00000128876 A00000000000
999999152260204116   00010204770001   4300006         00000017776 A00000111100
999999152260204      00032206000006   4300006         00000111100 A00000000000
999999151270204      00069194300031                   00000079755 A00000000000
999999152270204      00069204770001   4300031         00000011001 A00000000000
999999152270204      00069206000001   4300031         00000068754 A00000000000
999999151270204      00070194300031                   00000079755 A00000000000
999999152270204116   00014204770001   4300031         00000011001 A00000068754
999999152270204      00070206000001   4300031         00000068754 A00000000000
999999152150304      00033202827010   6827010         00000005826 A00000000000
999999151150304      00033196827010   2827010         00000005826 A00000000000
999999151150304      00033192827010   2270010         00000011955 A00000000000
999999152150304      00033202270010   2827010         00000012145 A00000000000
999999151150304      00033197710001                   00000000190 A00000000000
999999151150304      00034194300001                   00001334000 A00000000000
999999152150304116   00001204770001   4300001         00000184000 A00001150000
999999152150304      00034202270010   4300001         00001150000 A00000000000
999999152180304      00037202827012   6827012         00000008672 A00000000000
999999151180304      00037196827012   2827012         00000008672 A00000000000
999999151180304      00037192827012   2270012         00000008672 A00000000000
999999152180304      00037202270012   2827012         00000086500 A00000000000
999999151180304      00037196710001                   00000077828 A00000000000
999999152290304      00050204100100                   00000232000 A00000000000
999999151290304      00004194720001   4100100         00000032000 A00000200000
999999151290304      00050197000001   4100100         00000100000 A00000000000
999999151300304      00024194300001   5720001         00000100000 A00000000000
999999152300304      00024205720001   4300001         00000100000 A00000000000
999999152300304      00025204000001                   00000116000 A00000000000
999999151300304      00005194720001   4000001         00000016000 A00000100000
999999151300304      00025196000006   4000001         00000100000 A00000000000
999999151300304      00026194300001                   00000100000 A00000000000
999999152300304      00026205720001                   00000100000 A00000000000
999999151300404      00039194300002                   00000001523 A00000000000
999999151300404      00039194300002                   00000001523-A00000000000
999999151300404      00041194300001                   00000100000 A00000000000
999999152300404      00041204300002                   00000100000 A00000000000
999999151300404      00045194300004   5720003         00000010000 A00000000000
999999152300404      00045205720003   4300004         00000010000 A00000000000
999999151300404      00046194300001   5720001         00000020000 A00000000000
999999152300404      00046205720001   4300001         00000020000 A00000000000
999999151300404      00049194300001   5720001         00000010000 A00000000000
999999152300404      00049205720001   4300001         00000010000 A00000000000
999999152040504      00087204000003                   00000104000 A00000000000
999999151040504      00006194720002   4000003         00000004000 A00000100000
999999151040504      00087196000001   4000003         00000100000 A00000000000
999999151050504      00052194300001   5720001         00000015247 A00000000000
999999152050504      00052205720001   4300001         00000015247 A00000000000
999999151060504      00063194300002                   00000037602 A00000000000
999999152060504116   00019204770001   4300002         00000001600 A00000010000
999999152060504104   00019204770001   4300002         00000001000 A00000025002
999999152060504      00063204300001   4300002         00000035002 A00000000000
999999151070504      00071194300002                   00000150759 A00000000000
999999152070504116   00025204770001   4300002         00000020794 A00000129965
999999152070504      00071206000001   4300002         00000129965 A00000000000
999999151070504      00072194300008                   00000049666 A00000000000
999999152070504104   00026204770001   4300008         00000001910 A00000047756
999999152070504      00072206000003   4300008         00000047756 A00000000000
999999151070504      00073194300004                   00000055516 A00000000000
999999152070504116   00027204770001   4300004         00000007657 A00000047859
999999152070504      00073206000001   4300004         00000047859 A00000000000
999999151070504      00074194300001                   00000017662 A00000000000
999999152070504116   00028204770001   4300001         00000002436 A00000015226
999999152070504      00074206000001   4300001         00000015226 A00000000000
999999151070504      00075194300008                   00000006930 A00000000000
999999152070504116   00021204770001   4300008         00000000956 A00000005974
999999152070504      00075207000002   4300008         00000005974 A00000000000
999999151070504      00077194300001                   00002436000 A00000000000
999999152070504116   00029204770001   4300001         00000336000 A00002100000
999999152070504      00077206000002   4300001         00002100000 A00000000000
999999151070504      00079196400003                   00000073099 A00000000000
999999152070504      00079204751001                   00000009503 A00000000000
999999152070504      00079204760001                   00000004642 A00000000000
999999152070504      00079204650003                   00000058954 A00000000000
999999151070504      00079196400004                   00000173107 A00000000000
999999152070504      00079204751001                   00000022504 A00000000000
999999152070504      00079204760001                   00000010992 A00000000000
999999152070504      00079204650004                   00000139611 A00000000000
999999151070504      00079196400005                   00000109621 A00000000000
999999152070504      00079204760001                   00000006961 A00000000000
999999152070504      00079204650005                   00000082928 A00000000000
999999152070504      00079204751001                   00000019732 A00000000000
999999151070504      00080194300001                   00000104000 A00000000000
999999152070504104   00032204770001   4300001         00000004000 A00000100000
999999152070504      00080204000001   4300001         00000100000 A00000000000
999999151070504      00081194300006                   00000116297 A00000000000
999999152070504116   00033204770001   4300006         00000016041 A00000100256
999999152070504      00081206000001   4300006         00000100256 A00000000000
999999151070504      00082194300001                   00000116000 A00000000000
999999152070504116   00034204770001   4300001         00000016000 A00000100000
999999152070504      00082206000001   4300001         00000100000 A00000000000
999999151070504      00083194300009                   00001276000 A00000000000
999999152070504116   00035204770001   4300009         00000176000 A00001100000
999999152070504      00083206000002   4300009         00001100000 A00000000000
999999151080504      00078194300001                   00000464000 A00000000000
999999152080504116   00031204770001   4300001         00000064000 A00000400000
999999152080504      00078206000001   4300001         00000400000 A00000000000
999999151110504      00086194300001                   00000116000 A00000000000
999999152110504116   00037204770001   4300001         00000016000 A00000100000
999999152110504      00086206000001   4300001         00000100000 A00000000000
999999151110504      00088194000002                   00000104000 A00000000000
999999152110504104   00039204770001   4000002         00000004000 A00000100000
999999152110504      00088206000003   4000002         00000100000 A00000000000
999999152110504      00089204100002                   00000116000 A00000000000
999999151110504      00007194720001   4100002         00000016000 A00000100000
999999151110504      00089196000001   4100002         00000100000 A00000000000
999999151110504      00090194000001                   00000100000 A00000000000
999999151110504      00090194100008                   00000006284 A00000000000
999999152110504      00090205720001                   00000106284 A00000000000
999999152110504      00092204100006                   00000116000 A00000000000
999999151110504      00008194720001   4100006         00000016000 A00000100000
999999151110504      00092196000004   4100006         00000100000 A00000000000
999999152120504      00093204000003                   00000165000 A00000000000
999999151120504      00009194720001   4000003         00000016000 A00000100000
999999152120504      00093204300002                   00000001000 A00000000000
999999151120504      00093196000001   4000003         00000150000 A00000000000
999999152170504      00094204000002                   00000240415 A00000000000
999999151170504      00010194720001   4000002         00000032000 A00000200000
999999152170504      00094204000003                   00000001585 A00000000000
999999151170504      00094196000001   4000002         00000210000 A00000000000
999999152170504      00095204300001                   00232000079 A00000000000
999999151170504      00011194720001   4300001         00032000059 A00200000020
999999151170504      00095196000001   4300001         00200000020 A00000000000
